((("resize" .
   [1 0 0 0 0 0])
  ("img_show2" .
   [1 0 0 0 0 0 0 0 0])
  ("intersection" .
   [1 0 0 0 0 0 0 0 0 0 0 0])
  ("match2" .
   [1 0 0 0 0 0])
  ("match1" .
   [1 0 0 0 0 0])
  ("get" .
   [2 0 0])
  ("index" .
   [7 0 0 0 0])
  ("else" .
   [2 0 0 0])
  ("matches2" .
   [4 0 0 0 0 0 0 0])
  ("pot_matches_list" .
   [0 0 0 0 0 0 0 0 0 0 0 0 2 0 0 0])
  ("pot_matches" .
   [2 0 0 0 0 0 0 0 0 0 1])
  ("pot_match" .
   [0 0 0 0 2 1 1 0 0])
  ("filter_pot_matches" .
   [0 0 0 0 0 0 0 0 0 0 0 0 0 1 0 0 0 0])
  ("Potential_matches" .
   [0 0 0 0 0 0 0 0 0 0 0 0 0 1 0 0 0])
  ("clear" .
   [1 0 0 0 0])
  ("index2" .
   [6 0 0 0 0 0])
  ("index1" .
   [2 0 0 0 0 0])
  ("add" .
   [1 0 0])
  ("gaus_kernel_side_length" .
   [0 0 0 0 0 0 0 0 1 0 0 0 0 0 0 0 1 0 0 0 0 0 0])
  ("side" .
   [1 0 0 0])
  ("low2" .
   [1 0 0 0])
  ("check" .
   [1 0 0 0 0])
  ("size" .
   [11 0 0 0])
  ("k_inc" .
   [3 0 0 0 0])
  ("k_size" .
   [3 0 0 1 0 0])
  ("img_show" .
   [0 0 0 0 0 0 1 0])
  ("threshold" .
   [1 0 0 0 1 5 0 0 0])
  ("math" .
   [2 0 0 0])
  ("raw_input" .
   [2 0 0 0 1 0 2 1 1])
  ("imwrite" .
   [4 0 0 0 0 0 0])
  ("row" .
   [25 0 0])
  ("col" .
   [20 0 0])
  ("diff_1" .
   [7 0 0 0 0 0])
  ("gray_2" .
   [4 0 0 0 0 0])
  ("14" .
   [1 0])
  ("25" .
   [1 0])
  ("13" .
   [1 0])
  ("kp" .
   [21 0])
  ("gray_1" .
   [14 0 0 0 0 0])
  ("12" .
   [2 0])
  ("y0" .
   [1 0])
  ("x0" .
   [1 0])
  ("kpl_2" .
   [7 0 0 0 0])
  ("kpl_1" .
   [8 0 0 0 0])
  ("not" .
   [2 0 0])
  ("sigmas" .
   [4 0 0 0 0 0])
  ("res" .
   [4 0 0])
  ("return" .
   [4 0 0 0 0 0])
  ("f_avg" .
   [1 0 0 0 2])
  ("assert" .
   [1 0 0 0 0 0])
  ("Main" .
   [2 0 0 0])
  ("make_patch" .
   [1 0 0 0 0 0 0 0 0 0])
  ("patch" .
   [17 0 1 2 1])
  ("kp_1" .
   [8 0 0 0])
  ("kp_2" .
   [6 0 0 0])
  ("Keypoint" .
   [0 0 0 1 0 0 0 0])
  ("keypoint" .
   [0 0 0 1 0 0 0 0])
  ("kp2" .
   [2 0 0])
  ("kp1" .
   [3 0 0])
  ("calculate_NCC" .
   [0 0 2 0 0 0 0 0 0 0 0 0 1])
  ("draw_matching_test" .
   [0 0 0 0 0 0 0 0 0 0 0 0 0 0 0 0 1 0])
  ("self" .
   [3 0 0 0])
  ("pos" .
   [7 0 0])
  ("position" .
   [0 0 0 0 0 0 1 0])
  ("def" .
   [5 0 0])
  ("class" .
   [1 0 0 0 0])
  ("printf" .
   [2 0 0 0 0 1])
  ("gGameController" .
   [0 0 0 0 0 1 0 0 0 0 0 0 0 0 0])
  ("SDL_Joystick" .
   [0 0 0 0 0 0 0 1 0 0 0 0])
  ("threashold" .
   [0 0 0 0 1 2 0 0 0 0])
  ("type" .
   [2 0 0 0])
  ("sum" .
   [4 0 0])
  ("if" .
   [20 0])
  ("100" .
   [2 0 0])
  ("range" .
   [10 0 0 0 0])
  ("in" .
   [24 0])
  ("for" .
   [21 0 0])
  ("255" .
   [11 0 0])
  ("max" .
   [7 0 0])
  ("01" .
   [1 0])
  ("img_new" .
   [9 0 1 0 2 0 1])
  ("str" .
   [1 0 0])
  ("len" .
   [36 0 0])
  ("new_img" .
   [0 0 0 1 0 0 0])
  ("imshow" .
   [1 0 0 0 0 0])
  ("cv2" .
   [10 0 0])
  ("kernel3" .
   [3 0 0 0 0 0 0])
  ("kernel" .
   [2 0 0 0 0 1])
  ("sigma" .
   [7 0 0 0 0])
  ("dst2" .
   [1 0 0 0])
  ("dst" .
   [8 0 0])
  ("print" .
   [83 0 0 1 0])
  ("img_name" .
   [0 0 0 0 0 0 1 0])
  ("img" .
   [20 0 0])
  ("splitat" .
   [0 0 0 0 0 1 0])
  ("apply" .
   [0 0 0 1 0])
  ("set" .
   [2 0 0])
  ("img_path" .
   [1 0 0 0 1 0 1 0])
  ("import" .
   [3 0 0 0 0 0])
  ("sys" .
   [1 0 0])
  ("filename" .
   [1 0 0 0 0 0 0 0])
  ("img_new_2" .
   [3 0 0 0 0 1 0 0 0])
  ("img_1" .
   [19 0 0 0 1])
  ("np" .
   [6 0])
  ("float32" .
   [2 0 0 0 0 0 0])
  ("numpy" .
   [1 0 0 0 0])
  ("as" .
   [1 0])
  ("dilate" .
   [1 0 0 0 0 0])
  ("new" .
   [2 0 0])
  ("None" .
   [7 0 0 0])
  ("gray" .
   [35 0 0 0])
  ("img_new_1" .
   [2 0 0 0 0 0 0 0 0])
  ("out" .
   [2 0 0])
  ("rows" .
   [1 0 0 0])
  ("lenY" .
   [2 0 0 0])
  ("dstack" .
   [0 0 0 0 1 0])
  ("lenX" .
   [3 0 0 0])
  ("img_2" .
   [11 0 0 0 0])
  ("exit" .
   [3 0 0 0])
  ("match" .
   [6 0 0 0 0])
  ("line" .
   [1 0 0 0])
  ("int" .
   [5 0 0])
  ("x1" .
   [3 0])
  ("y1" .
   [3 0])
  ("matching" .
   [1 0 0 0 0 0 0 0])
  ("x2" .
   [1 0])
  ("y2" .
   [2 0])
  ("xOff" .
   [1 0 0 0])
  ("272" .
   [1 0 0])
  ("draw" .
   [1 0 1 0])
  ("draw_matching" .
   [0 0 0 0 0 1 0 2 0 0 0 0 0])
  ("matches" .
   [6 0 0 0 0 0 0])
  ("col1" .
   [1 0 0 2])
  ("kpl1" .
   [1 0 0 1])
  ("abs" .
   [5 0 0])
  ("kpl" .
   [6 0 0])
  ("filter_keypoints" .
   [0 0 0 0 0 0 0 1 0 0 0 0 0 0 0 0])
  ("use" .
   [1 0 0])
  ("radius" .
   [11 0 3 4 0 0])
  ("img_tmp" .
   [3 0 0 0 0 0 0])
  ("patchR" .
   [8 0 0 0 0 0])
  ("append" .
   [3 0 0 0 0 0])
  ("to" .
   [2 0])
  ("from" .
   [1 0 0 0])
  ("Starting" .
   [0 0 0 0 0 1 0 0])
  ("end" .
   [6 0 0])
  ("start" .
   [6 0 0 0 0])
  ("start2" .
   [2 0 0 0 0 0])
  ("end2" .
   [2 0 0 0])
  ("axis" .
   [1 0 0 0])
  ("calculate_avg_sigma" .
   [0 0 1 0 0 0 0 0 0 0 0 0 0 0 0 0 0 0 0])
  ("23" .
   [1 0])
  ("gray_rs" .
   [9 0 0 0 0 0 0])
  ("zeros" .
   [1 0 0 0 0])
  ("png" .
   [1 0 0])
  ("or" .
   [1 0])
  ("rs_row" .
   [3 0 0 0 0 0])
  ("rs_col" .
   [2 0 0 1 0 0])
  ("and" .
   [1 0 0])))
